FILENAME
Progress
DELAY
1.5
STARTBPM
144
NOTE
@8&
S
,,,,,,,,
,,,,,,,,
,,,,,,,,
/çƒê∂äJén&
/1&
1,,1,,1,,1,,
,,,,,,4,4,
3,,3,,3,,3,,
,,,,,,,,

/2&
1,,1,,1,,1,2,
3,,3,,3,,3,2,
0,2,1,3,2,4,3,4,
2,,2,,2,,13,,

/3&
3,,3,,2,,2,,
1,,1,,0,,0,,
1,,1,,2,,2,,
3,,3,,4,,4,,

/4&
@12&
0,,,0,,,0,,,
@16&4,4,4,4,
@12&
0,,,0,,,0,,,
@16&4,4,4,4,
@12&
0,,,0,,,0,,,
@16&4,4,4,4,
@8&
2,2,2,2,2,2,
@16&
2,2,2,2,

/5&
@16&
3,,,,3,,,,3,,,,3,2,3,,
2,,,,2,,,,2,,3,,2,1,1,,
3,,,,3,,,,3,,,,3,2,3,3,
4,,,,3,,,,2,,,,1,,,,

/6&
@8&
@12&
0,0,,0,0,,0,0,,
@16&4,4,4,4,
@12&
1,1,,1,1,,1,1,,
@16&4,4,4,4,
@12&
2,2,,2,2,,2,2,,
@16&4,4,4,4,
@8&
3,3,3,3,3,3,@16&3,3,3,3,

/7,42s&
@8&
1,,,,,,,,
1,,,,,,,,
3,,,,,,,,
3,,,,,,,,

/8&
1,,,,1,,,,
1,,,,3,,,,
1,,,,1,,,,
1,,,,4,,,,

/9&
1,,,,1,,,,
1,,,,3,,,,
1,,,,1,,,,
1,,,,4,,,,


/10&
0,,,,0,,,,
0,,,,2,,,,
2,,,,2,,,,
2,,,,3,,,,

/11&
4,,,,4,,,,
4,,,,2,,,,
2,,,,4,,,,
3,,,,1,,,,

/12,1.16&
1,,1,,2,,2,,
3,,3,,
@12&
4,,4,,4,,
@8&
1,,1,,2,,2,,
3,,3,,
@12&
4,,4,,4,,

/13&
@8&
1,,1,,2,,2,,
3,,3,,
@12&
4,,4,,4,,
@8&
1,,1,,2,,2,,
13,,,,,,,,

/14&
,,,,,,,,
,,,,,,,,
E
