FILENAME
great infiltration
DELAY
2.3
STARTBPM
112.8
NOTE
@8&
S
,,,,,,,,,,,,,
/çƒê∂äJén&
/1&
0,,,,,,,,
0,,,,,,,,
0,,,,,,,,
,,,,,,4,,

/5&
,,,,,,4,,
,,,,,,4,,
,,,,,,4,,
,,,,,,5,,

/9&
,,1,,,,1,,
,,1,,,,1,,
,,1,,,,1,,
,,1,,,,1,,

/13&
,,3,,,,3,,
,,3,,,,3,,
,,3,,,,3,,
,,,,,,6,,

/17&
,,1,,,,1,,
,,1,,,,1,,
,,1,,,,1,,
2,,,,2,,,,

/21&
,,3,,,,3,,
,,3,,,,3,,
,,3,,,,3,,
2,,,,2,,,,

/25&
@4&
#150.5&
@8&
2,,,,,,,,

/26&
2,,,,,,,,
3,,,,,,,,
2,,,,,,,,
1,,,,,,,,

/30&
2,,,,,,,,
3,,,,,,,,
2,,,,,,,,
1,,,,,,,,

/34&
,,0,,,,0,,
,,0,,,,0,,
,,0,,,,0,,
,,,,,,,,

/38&
,,4,,,,4,,
,,4,,,,4,,
,,4,,,,4,,
,,,,,,,,

/42&
@4&
#180.4&
@8&
2,,,,,,,,
3,,,,,,,,
2,,,,,,,,
1,,,,,,,,

/46&
2,,,,,,,,
3,,,,,,,,
2,,,,,,,,
1,,,,,,,,

/50&
,,0,,,,0,,
,,0,,,,0,,
,,0,,,,0,,
,,,,,,,,

/54&
,,4,,,,4,,
,,4,,,,4,,
,,4,,,,4,,
,,,,,,,,

/58&
0,,,,,,,,
0,,,,,,,,
0,,,,,,,,
0,,,,,,,,

/62&
@4&
#150.5&
@8&
4,,,,,,,,
4,,,,,,,,
4,,,,,,,,

/65&
@4&
#112.8&
@8&
2,,2,,2,,2,,

/66&
,,,,,,4,,
,,,,,,4,,
,,,,,,4,,
,0,,0,,0,4,,

/98notes&
E