FILENAME
great infiltration
DELAY
2.3
STARTBPM
112.8
NOTE
@8&
S
,,,,,,,,,,,,,
/çƒê∂äJén&
/1&
13,,,,,,,,
13,,,,,,2,,
13,,,,,,,,
,0,,0,,0,56,,

/5&
0,,4,,,,4,,
0,,4,,,,4,,
0,,4,,,,4,,
,0,,0,,0,56,,

/9&
@16&
0,,,0,4,,,0,,,0,,4,,,,
0,,,0,4,,,0,,,0,,4,,,,
0,,,0,4,,,0,,,0,,4,,,,
0,,,0,4,,,0,,,0,,4,,,,

/13&
1,,,1,3,,,1,,,1,,3,,,,
1,,,1,3,,,1,,,1,,3,,,,
1,,,1,3,,,1,,,1,,3,,0,,@8&
,0,,0,,0,56,,

/17&
@16&
6,,,4,,,3,,,1,,,0,,5,,
,,,,2,,,,,2,,2,2,,,,
0,,,1,,,2,,,3,,,2,,1,,
04,,,,2,,,,56,,,,2,,,,

/21&
6,,,4,,,3,,,1,,,0,,5,,
,,,,2,,,,,2,,2,2,,,,
0,,,0,4,,,0,,,0,,4,,,,
13,,,,2,,,,04,,,,2,,,,@8&

/25&
@4&
#150.5&
@8&
56,,,,,,2,,

/26&
0,,0,,0,,0,,
4,,4,,4,,4,,
3,,3,,3,,3,,
2,,2,,2,,2,,

/30&
1,,1,,1,,1,,
4,,4,,4,,4,,
3,,3,,3,,3,,
2,,2,,2,,56,,

/34&
0,,4,,0,,4,,
0,,3,,0,,3,,
0,,2,,0,,2,,@16&
0,,,0,,,0,,,0,,,1,,1,,@8&

/38&
0,,4,,0,,4,,
0,,3,,0,,3,,
0,,2,,0,,2,,@16&
4,,,3,,,2,,,1,,,0,,,,@8&

/42&
@4&
#180.4&
@8&
0,,0,,0,,0,,
4,,4,,4,,4,,
3,,3,,3,,3,,
2,,2,,2,,2,,

/46&
1,,1,,1,,1,,
4,,4,,4,,4,,
3,,3,,3,,3,,
2,,2,,2,,56,,

/50&
4,,0,,4,,0,,
4,,1,,4,,1,,
4,,2,,4,,2,,@16&
4,,,4,,,4,,,4,,,3,,3,,@8&

/54&
4,,0,,4,,0,,
4,,1,,4,,1,,
4,,2,,4,,2,,@16&
0,,,1,,,2,,,3,,,4,,,,@8&

/58&
5,,2,,,,2,,
6,,2,,,,2,,
5,,2,,6,,2,,
5,,2,,6,,2,,

/62&
@4&
#150.5&
@8&
5,,2,,,,2,,
6,,2,,,,2,,
5,,2,,6,,2,,

/65&
@4&
#112.8&
@8&
04,,04,,04,,04,,

/66&
0,,4,,,,4,,
0,,4,,,,56,,
0,,4,,,,4,,
,0,,0,,0,56,,

/304notes&
E