FILENAME
great infiltration
DELAY
2.3
STARTBPM
112.8
NOTE
@8&
S
,,,,,,,,,,,,,
/çƒê∂äJén&
/1&
0,,,,,,,,
0,,,,,,4,,
0,,,,,,,,
,0,,0,,0,4,,

/5&
0,,,,,,4,,
0,,,,,,4,,
0,,,,,,4,,
,0,,0,,0,4,,

/9&
,,2,,,0,2,,
,,2,,,0,2,,
,,2,,,0,2,,
,,2,,,0,2,,

/13&
,,3,,,1,3,,
,,3,,,1,3,,
,,3,,,1,3,0,
,0,,0,,0,4,,

/17&
,,1,,,,1,,@16&
,,,,2,,,,,2,,2,2,,,,@8&
,,3,,,,3,,
2,,,,2,,,,

/21&
,,1,,,,1,,@16&
,,,,2,,,,,2,,2,2,,,,@8&
,,3,,,,3,,
2,,,,2,,,,

/25&
@4&
#150.5&
@8&
56,,,,,,2,,

/26&
,,0,,,,0,,
,,0,,,,0,,
,,4,,,,4,,
,,4,,,,4,,

/30&
,,1,,,,1,,
,,1,,,,1,,
,,3,,,,3,,
,,3,,,,56,,

/34&
,,0,,,,4,,
,,0,,,,4,,
,,0,,,,4,,
0,,,,,,4,,

/38&
,,1,,,,3,,
,,1,,,,3,,
,,1,,,,3,,
1,,,,,,3,,

/42&
@4&
#180.4&
@8&
,,0,,,,0,,
,,0,,,,0,,
,,4,,,,4,,
,,4,,,,4,,

/46&
,,1,,,,1,,
,,1,,,,1,,
,,3,,,,3,,
,,3,,,,56,,

/50&
,,0,,,,4,,
,,0,,,,4,,
,,0,,,,4,,
0,,,,,,4,,

/54&
,,1,,,,3,,
,,1,,,,3,,
,,1,,,,3,,
1,,,,,,3,,

/58&
1,,,,,,,,
1,,,,,,,,
1,,,,1,,,,
1,,,,1,,,,

/62&
@4&
#150.5&
@8&
3,,,,,,,,
3,,,,,,,,
3,,,,3,,,,

/65&
@4&
#112.8&
@8&
2,,2,,2,,2,,

/66&
0,,,,,,4,,
0,,,,,,4,,
0,,,,,,4,,
,0,,0,,0,4,,

/157notes&
E