FILENAME
Call of Fall
DELAY
1.75
STARTBPM
141
NOTE
@8&
S
,,,,,,,,,,,,,,,,,
/çƒê∂äJén&
/1&
,,,,,,,,
,,,,,,,,
,,,,,,,,
,,,,,,4,,
0,,,,,,4,,
1,,,,,,3,,
0,,,,,,4,,
2,,,,,,,,

/9&
,,1,,,,1,,
,,1,,,,1,,
,,1,,,,1,,
,,1,,,,1,,
,,3,,,,3,,
,,3,,,,3,,
,,3,,,,3,,
,,5,,,,6,,

/17&
,,0,,,,0,,
,,0,,,,0,,
,,0,,,,0,,
0,,1,,2,,0,,
,,4,,,,4,,
,,4,,,,4,,
,,4,,,,4,,
2,,3,,4,,2,,

/25&
1,,,,,,,,
2,,,,1,,,,
0,,,,,,,,
3,,,,4,,,,
2,,,,3,,,,
1,,,,2,,,,
0,,,,1,,,,
2,,,,3,,,,

/33&
4,,,,,,4,,
3,,,,,,2,,
1,,,,,,,,
1,,3,,2,,1,,
0,,,,,,4,,
3,,,,,,2,,
1,,,,,,,,
5,,,,6,,,,

/41&
0,,,,,,,,
,,,,,,,,
,,,,,,,,
,,,,,,4,,
0,,,,2,,,,
0,,,,4,,,,
0,,,,2,,,,
0,,,,4,,,,
5,,,,,,,,
,,,,,,6,,

/51&
,,1,,,,1,,
,,1,,,,1,,
,,1,,,,1,,
,,1,,,,1,,
,,3,,,,3,,
,,3,,,,3,,
,,3,,,,3,,
,,5,,,,6,,
,,0,,,,0,,
,,0,,,,0,,
,,0,,,,0,,
,,0,,,,0,,
,,4,,,,4,,
,,4,,,,4,,
,,4,,,,4,,
,,4,,,,4,,
5,,,,6,,,,
04,,,,,,,,
,,,,,,,,
,,,,,,,,
,,,,,,,,

/122notes&
E