FILENAME
マイムマイム
DELAY
3.05
STARTBPM
138
NOTE
@8&
S
,,,,,,,,,,,,,,,
/再生開始&
/1&
04,04,,,04,04,,,
,,,,,,,,
5,6,,,5,6,,,
,,,,13,13,13,,

/5&
0,,2,,2,3,4,,
2,,4,,2,0,2,,
0,,2,,2,3,4,,
4,,2,,0,2,3,,

/9&
3,3,3,3,3,3,3,3,@16&
,,3,,2,,,2,1,,2,,3,,,,@8&
1,1,1,1,1,1,1,1,@16&
,,1,,2,,,2,3,,2,,1,,,,@8&
5,,6,,5,,6,,

/14&
4,,2,1,4,,2,1,
0,1,2,3,4,3,2,1,
4,,2,1,4,,2,1,
3,,2,1,2,1,0,,

/18&
,,2,,0,,5,,
,,4,,2,,6,,
,,2,,0,,5,,
,,4,,2,,6,,

/22&
0,,2,,2,3,4,,
2,,4,,2,0,2,,
0,,2,,2,3,4,,
4,,2,,0,2,3,,

/26&
1,1,1,1,1,1,1,1,
,3,2,2,1,2,3,,
3,3,3,3,3,3,3,3,
,1,2,2,3,2,1,,
5,,6,,5,,6,,

/31&
4,,2,1,4,,2,1,
0,1,2,3,4,3,2,1,
4,,2,1,4,,2,1,
3,,2,1,2,1,0,,

/35&
04,04,,,04,04,,,
,,,,,,,,
5,6,2,,5,6,2,,
,,,,13,13,13,,

/39&
0,,2,0,2,3,4,,
2,3,4,3,2,0,2,,
0,,2,0,2,3,4,,
4,4,2,2,0,2,56,,

/43&
13,,13,,13,,13,,
,3,2,2,1,2,3,,
13,,13,,13,,13,,
,1,2,2,3,2,1,,
5,,6,,5,,6,,

/48&
4,3,2,1,4,3,2,1,
0,1,2,3,4,3,2,1,
4,3,2,1,4,3,2,1,
3,2,1,0,1,0,6,,

/52&
5,,2,1,4,,2,1,
0,1,2,3,1,2,3,4,
3,,2,1,3,,2,1,
2,,1,0,1,2,6,,

/53&
5,,2,1,4,,2,1,
0,1,2,3,4,3,2,1,
4,,2,1,4,,2,1,
3,,2,1,3,4,56,,

/349notes&
E