FILENAME
マイムマイム
DELAY
3.05
STARTBPM
138
NOTE
@8&
S
,,,,,,,,,,,,,,,
/再生開始&
/1&
4,4,,,4,4,,,
,,,,,,,,
5,6,,,5,6,,,
,,,,0,0,0,,

/5&
,,2,,,,2,,
,,2,,,,5,,
,,2,,,,2,,
,,2,,,,6,,

/9&
3,3,3,3,3,3,3,3,
,,,,,,,,
1,1,1,1,1,1,1,1,
,,,,,,,,
5,,6,,5,,6,,

/14&
,,0,,,,0,,
,,4,,,,4,,
,,0,,,,0,,
,,4,,,,56,,

/18&
,,2,,0,,2,,
,,4,,2,,4,,
,,2,,0,,2,,
,,4,,2,,04,,

/22&
,,2,,,,2,,
,,2,,,,5,,
,,2,,,,2,,
,,2,,,,6,,

/26&
1,1,1,1,1,1,1,1,
,,,,,,,,
3,3,3,3,3,3,3,3,
,,,,,,,,
5,,6,,5,,6,,

/31&
,,4,,,,5,,
,,0,,,,6,,
,,4,,,,5,,
,,0,,,,6,,

/35&
0,0,,,0,0,,,
,,,,,,,,
5,6,,,5,6,,,
,,,,4,4,4,,

/39&
,,2,,,,2,,
,,2,,,,5,,
,,2,,,,2,,
,,2,,,,6,,

/43&
13,,13,,13,,13,,
5,,,,,,,,
13,,13,,13,,13,,
6,,,,,,,,
04,,04,,04,,04,,

/48&
,,0,,,,6,,
,,4,,,,5,,
,,0,,,,6,,
,,4,,,,5,,

/52&
,,1,,,,5,,
,,3,,,,6,,
,,1,,,,5,,
,,3,,,,6,,

/53&
,,1,,,,6,,
,,3,,,5,6,,
,,1,,,,5,,
,,3,,,,56,,

/168notes&
E