FILENAME
Call of Fall
DELAY
1.5
STARTBPM
141
NOTE
@8&
S
,,,,,,,,,,,,,,,,,
/çƒê∂äJén&
/1&
,,,,,,,,
,,,,,,,,
,,,,,,,,
,,,,2,5,6,,
0,,,,,,4,,
1,,,,,1,3,,
0,,,,,,4,,
2,,,,,,2,,

/9&
0,,1,,0,,1,,
0,,2,,0,,2,,
0,,3,,0,,3,,
0,,4,,@16&0,,,4,4,,4,,@8&
0,,1,,0,,1,,
0,,2,,0,,2,,
0,,3,,0,,3,,
@16&0,,,,5,,,3,2,,1,,6,,2,,@8&

/17&
,0,4,3,3,2,2,1,
1,0,0,2,,0,1,2,
2,1,1,,@16&,,,,4,,,4,
3,,,2,2,,,1,1,,,0,0,,,,@8&
,0,2,1,3,2,3,4,
4,3,3,6,,5,3,2,
2,1,1,,,,13,,
02,,13,,24,,02,,

/25&
3,,,,3,,1,,@16&
2,,,,2,4,1,3,0,2,1,3,2,4,1,3,@8&
0,,,,0,,2,,@16&
1,,,,2,4,1,3,0,2,1,3,2,4,1,3,@8&
2,,,,3,2,2,1,
1,,,,4,3,3,2,
0,,4,,1,,4,,
2,,5,,3,,6,,

/33&
04,,,,,,@16&4,,,4,@8&
3,,,,,,2,,
1,,,,,,,1,
1,,3,,2,,1,,
0,,,,,,@16&4,,,4,@8&
3,,,,,,2,,
1,,,4,4,,,,
5,,2,,6,,2,,

/41&
04,,,,1,,1,2,
3,,,,4,,3,2,
1,,,,0,,0,1,
2,,,,3,,56,,
0,,,0,2,,,,
0,,,0,4,,5,,
0,,,0,2,,,,
0,,,0,4,,6,,
13,,,,,,,,
,,,,,,56,,

/51&
0,,1,,0,,1,,
0,,2,,0,,2,,@16&
1,,,,5,,0,1,2,,,,6,,1,2,
3,,,,5,,2,3,4,,,2,2,,2,,@8&
0,,1,,0,,1,,
0,,2,,0,,2,,
04,,3,,04,,3,,
04,,56,,0,,4,3,
4,3,2,1,0,4,3,4,
2,4,1,3,0,2,1,3,@16&
1,,,,5,,0,1,2,,,,6,,1,2,
3,,,,5,,2,3,4,,,2,2,,2,,@8&
4,3,2,1,0,4,3,4,
2,4,1,3,0,2,1,3,@16&
0,2,1,3,2,4,1,3,0,2,1,3,2,4,1,3,@8&
0,,2,,,,2,,
56,,,,56,,,,
04,,,,,,,,
,,,,,,,,
,,,,,,,,
,,,,,,,,

/329notes&
E