FILENAME
Call of Fall
DELAY
1.5
STARTBPM
141
NOTE
@8&
S
,,,,,,,,,,,,,,,,,
/çƒê∂äJén&
/1&
,,,,,,,,
,,,,,,,,
,,,,,,,,
,,,,,5,6,,
0,,,,,,4,,
1,,,,,1,3,,
0,,,,,,4,,
2,,,,,,2,,

/9&
,,1,,,,1,,
,,2,,,,2,,
,,3,,,,3,,
,,2,,@16&,,,2,2,,2,,@8&
,,0,,,,0,,
,,2,,,,2,,
,,4,,,,4,,
,,5,,,,6,,

/17&
0,,2,,,,2,,
0,,3,,,,3,,
0,,4,,@16&,,,,4,,,4,
3,,,2,2,,,1,1,,,0,0,,,,@8&
0,,4,,,,4,,
0,,3,,,,3,,
0,,2,,,,2,,
1,,2,,3,,1,,

/25&
3,,,,3,,1,,
2,,,,1,,,,
0,,,,0,,4,,
2,,,,2,,,,
2,,,,3,,,,
1,,,,2,,,,
0,,,,1,,,,
2,,,,3,,,,

/33&
4,,,,,,@16&4,,,4,@8&
3,,,,,,2,,
1,,,,,,,,
1,,3,,2,,1,,
0,,,,,,@16&4,,,4,@8&
3,,,,,,2,,
1,,,,,,,,
5,,,,6,,,,

/41&
04,,,,,,,,
,,,,,,,,
,,,,,,,,
,,,,,,4,,
0,,,,2,,,,
0,,,,4,,5,,
0,,,,2,,,,
0,,,,4,,6,,
13,,,,,,,,
,,,,,,56,,

/51&
,,1,,,,1,,
,,2,,,,2,,
,,3,,,,3,,
,,2,,@16&,,,2,2,,2,,@8&
,,0,,,,0,,
,,2,,,,2,,
,,4,,,,4,,
,,5,,,,6,,
,,1,,,,1,,
,,2,,,,2,,
,,3,,,,3,,
,,2,,@16&,,,2,2,,2,,@8&
,,0,,,,0,,
,,2,,,,2,,
,,4,,,,4,,
,,2,,,,2,,
5,,,,6,,,,
04,,,,,,,,
,,,,,,,,
,,,,,,,,
,,,,,,,,

/152notes&
E