FILENAME
マイムマイム
DELAY
2.8
STARTBPM
138
NOTE
@8&
S
,,,,,,,,,,,,,,,
/再生開始&
/1&
4,4,,,4,4,,,
,,,,,,,,
4,4,,,4,4,,,
,,,,0,0,0,,

/5&
,,2,,,,2,,
,,2,,,,2,,
,,2,,,,2,,
,,2,,,,2,,

/9&
3,,3,,3,,3,,
,,,,,,,,
1,,1,,1,,1,,
,,,,,,,,
2,,2,,2,,2,,

/14&
,,0,,,,0,,
,,4,,,,4,,
,,0,,,,0,,
,,4,,,,4,,

/18&
,,,,,,2,,
,,,,,,2,,
,,,,,,2,,
,,,,,,2,,

/22&
,,2,,,,2,,
,,2,,,,2,,
,,2,,,,2,,
,,2,,,,2,,

/26&
1,,1,,1,,1,,
,,,,,,,,
3,,3,,3,,3,,
,,,,,,,,
2,,2,,2,,2,,

/31&
,,4,,,,4,,
,,0,,,,0,,
,,4,,,,4,,
,,0,,,,0,,

/35&
0,0,,,0,0,,,
,,,,,,,,
0,0,,,0,0,,,
,,,,4,4,4,,

/39&
,,2,,,,2,,
,,2,,,,2,,
,,2,,,,2,,
,,2,,,,2,,

/43&
3,,3,,3,,3,,
,,,,,,,,
1,,1,,1,,1,,
,,,,,,,,
2,,2,,2,,2,,

/48&
,,0,,,,4,,
,,0,,,,4,,
,,0,,,,4,,
,,0,,,,4,,

/52&
,,1,,,,1,,
,,3,,,,3,,
,,1,,,,1,,
,,3,,,,3,,

/53&
,,1,,,,3,,
,,1,,,,3,,
,,1,,,,3,,
,,1,,,,56,,

/127notes&
E